3392	4.0
701	7.0
337	2.0
3857	5.0
3516	5.0
3617	5.0
3022	4.0
2569	4.0
2985	4.0
2407	4.0
1464	3.0
1458	3.0
1075	3.0
3133	4.0
1585	3.0
1503	3.0
1869	3.0
3278	4.0
3489	5.0
351	3.0
2782	4.0
3149	4.0
2422	4.0
2837	4.0
110	2.0
556	4.0
3498	5.0
3122	4.0
2028	4.0
1495	3.0
2882	4.0
621	4.0
2320	4.0
12	2.0
1011	3.0
1728	3.0
3974	5.0
2483	4.0
176	2.0
3187	4.0
1365	3.0
3588	5.0
2191	4.0
2675	4.0
1121	3.0
2803	4.0
2404	4.0
2789	4.0
1120	3.0
83	2.0
631	4.0
2508	3.0
3910	5.0
2373	4.0
3653	5.0
2309	4.0
3788	5.0
2109	4.0
906	3.0
430	4.0
1372	3.0
528	4.0
3435	4.0
475	3.0
1478	3.0
1683	3.0
3724	5.0
655	4.0
858	6.0
1239	3.0
3858	5.0
2157	3.0
3273	4.0
3094	4.0
3078	4.0
1168	3.0
3287	4.0
784	7.0
2489	4.0
130	2.0
3203	4.0
593	4.0
1791	3.0
3739	5.0
288	2.0
1221	3.0
1461	3.0
2652	4.0
454	4.0
3151	4.0
1917	4.0
2149	4.0
1797	3.0
303	2.0
3141	4.0
3336	4.0
1176	3.0
951	3.0
421	4.0
260	2.0
2241	4.0
312	2.0
1557	3.0
2740	3.0
3951	5.0
3774	5.0
3665	5.0
1472	3.0
2910	4.0
3159	4.0
3316	4.0
3061	4.0
1044	3.0
999	3.0
1027	3.0
1768	3.0
682	4.0
3885	5.0
3446	5.0
3819	5.0
2058	4.0
1300	3.0
2319	3.0
1216	3.0
4030	6.0
909	3.0
3609	4.0
1093	3.0
281	2.0
1190	3.0
3441	5.0
3642	5.0
869	6.0
2356	4.0
3510	5.0
3558	5.0
1393	3.0
955	3.0
3552	5.0
2938	4.0
3380	4.0
1648	3.0
1366	3.0
257	2.0
3365	4.0
3359	4.0
1210	3.0
1784	3.0
3259	4.0
2530	4.0
604	4.0
620	4.0
3782	5.0
1952	4.0
3179	4.0
630	4.0
2511	3.0
574	4.0
2678	4.0
3803	5.0
1562	3.0
840	6.0
3009	4.0
1605	3.0
3938	5.0
3509	5.0
646	4.0
1401	3.0
2601	4.0
1590	3.0
811	6.0
1447	3.0
1654	3.0
1422	3.0
765	7.0
2905	4.0
3644	5.0
2070	4.0
1992	4.0
1604	3.0
2800	4.0
2796	4.0
1489	3.0
3975	5.0
1548	3.0
3131	4.0
2330	4.0
48	1.0
2983	4.0
2439	4.0
758	7.0
199	2.0
358	4.0
810	6.0
2716	4.0
2275	4.0
1423	3.0
877	6.0
1635	3.0
537	4.0
3280	4.0
2238	4.0
2013	4.0
1065	3.0
1149	3.0
2351	4.0
1288	3.0
812	7.0
3216	4.0
1844	3.0
393	3.0
3421	4.0
3943	4.0
2522	4.0
2436	3.0
923	3.0
737	7.0
391	4.0
766	7.0
2799	4.0
179	2.0
973	3.0
927	3.0
849	7.0
171	2.0
2348	4.0
2781	4.0
3297	4.0
1849	3.0
1947	4.0
2672	4.0
20	2.0
3685	5.0
3752	5.0
2644	4.0
1802	3.0
2073	4.0
3981	6.0
446	4.0
773	7.0
3565	5.0
2079	4.0
1851	3.0
748	7.0
1249	3.0
2170	4.0
2734	4.0
1735	3.0
3010	4.0
2636	3.0
3829	5.0
255	2.0
2072	3.0
2376	4.0
2809	4.0
2972	4.0
3437	4.0
2895	4.0
2316	4.0
1169	3.0
4038	6.0
49	2.0
3104	4.0
3854	5.0
3755	5.0
2519	4.0
1244	3.0
55	2.0
1417	3.0
662	4.0
934	3.0
739	7.0
2375	4.0
2253	4.0
2196	4.0
2655	4.0
4013	6.0
2993	4.0
2875	4.0
1257	3.0
2852	4.0
3197	4.0
282	2.0
1408	3.0
625	4.0
2596	4.0
2558	4.0
1641	3.0
3754	5.0
1170	3.0
89	2.0
1084	3.0
3966	5.0
2143	3.0
1450	3.0
945	3.0
3911	5.0
3095	4.0
69	2.0
2706	4.0
868	5.0
3882	5.0
350	4.0
3103	4.0
1094	3.0
1933	4.0
1140	3.0
385	4.0
2600	4.0
3976	5.0
2021	4.0
302	2.0
33	2.0
3428	4.0
1453	3.0
991	3.0
700	7.0
673	4.0
3105	4.0
2873	4.0
234	2.0
323	2.0
3965	5.0
1386	3.0
984	3.0
2476	4.0
2053	4.0
2022	4.0
584	4.0
2630	4.0
3488	5.0
727	7.0
1238	3.0
3939	5.0
3350	4.0
3924	5.0
4003	6.0
2556	4.0
233	2.0
3204	4.0
411	4.0
2622	4.0
3495	4.0
2772	4.0
1211	3.0
2114	4.0
1155	3.0
2350	4.0
3990	6.0
165	2.0
937	3.0
1740	3.0
468	4.0
4033	6.0
613	4.0
632	4.0
476	3.0
206	2.0
3372	4.0
3929	5.0
3357	4.0
1523	3.0
1002	3.0
1431	3.0
876	6.0
3686	5.0
3706	5.0
207	2.0
3719	5.0
2586	4.0
2323	4.0
1467	3.0
2171	3.0
783	7.0
3170	4.0
2547	3.0
2393	4.0
2920	4.0
1444	3.0
1566	3.0
638	4.0
3455	5.0
2497	4.0
3269	4.0
489	4.0
502	4.0
482	4.0
2790	4.0
2444	4.0
157	2.0
565	4.0
3325	4.0
403	4.0
956	3.0
582	4.0
747	6.0
402	4.0
274	2.0
284	2.0
3337	4.0
178	2.0
449	4.0
2394	4.0
294	2.0
3914	5.0
1416	3.0
1577	3.0
1414	3.0
3753	5.0
3448	5.0
3727	5.0
1260	3.0
708	6.0
893	6.0
1191	3.0
185	2.0
3356	4.0
2680	4.0
2002	4.0
1034	3.0
3460	5.0
75	2.0
3952	5.0
2011	4.0
3657	5.0
2625	4.0
2264	3.0
1698	3.0
2619	4.0
2361	4.0
2502	3.0
1358	3.0
2038	3.0
3161	4.0
2148	4.0
1795	3.0
1718	3.0
2696	4.0
2046	4.0
247	2.0
3615	5.0
1782	3.0
3916	5.0
1500	3.0
1909	3.0
13	2.0
663	4.0
241	2.0
1430	3.0
2050	4.0
213	2.0
1549	3.0
521	4.0
2269	4.0
3700	5.0
763	7.0
3761	5.0
1328	3.0
848	7.0
1655	3.0
1538	3.0
837	7.0
1163	3.0
3747	5.0
2566	4.0
136	2.0
2818	4.0
2103	4.0
514	4.0
461	4.0
2322	4.0
1924	4.0
547	4.0
1610	3.0
384	4.0
405	4.0
143	2.0
660	4.0
3400	4.0
2244	4.0
2962	4.0
1908	3.0
3113	4.0
1183	3.0
2454	4.0
41	2.0
2086	4.0
2303	4.0
2129	4.0
2286	4.0
1481	3.0
413	4.0
3678	5.0
3984	6.0
1783	3.0
2923	4.0
652	4.0
2281	4.0
734	7.0
1019	3.0
1139	3.0
728	7.0
3020	4.0
3152	4.0
398	4.0
219	2.0
3672	5.0
2763	4.0
1790	3.0
495	4.0
1436	3.0
313	2.0
3732	5.0
1670	3.0
3538	5.0
3390	4.0
1252	3.0
97	2.0
2457	4.0
1726	3.0
2267	3.0
3811	5.0
1289	3.0
2003	4.0
2810	4.0
1182	3.0
3831	5.0
683	4.0
1693	3.0
340	2.0
2717	4.0
3517	5.0
2990	4.0
2827	4.0
2892	4.0
1102	3.0
3189	4.0
2724	4.0
1008	3.0
2750	4.0
3407	4.0
1533	3.0
2414	4.0
1944	4.0
3958	5.0
3936	5.0
1344	3.0
1571	3.0
612	4.0
1886	3.0
2591	4.0
1938	4.0
3502	5.0
2864	4.0
2485	4.0
322	1.0
792	7.0
3623	5.0
376	3.0
2198	4.0
3635	5.0
2413	4.0
2771	4.0
1373	3.0
610	4.0
791	7.0
3180	4.0
887	6.0
820	7.0
1509	3.0
125	2.0
227	2.0
757	7.0
2775	4.0
3693	5.0
367	4.0
3410	4.0
2372	4.0
3315	4.0
1640	3.0
3038	4.0
2933	4.0
2475	3.0
150	2.0
914	3.0
3915	5.0
1531	3.0
711	7.0
3323	4.0
1205	3.0
1587	3.0
895	6.0
2064	4.0
34	2.0
3856	5.0
1024	3.0
5	2.0
774	6.0
3679	5.0
2643	3.0
1207	3.0
3669	5.0
1161	3.0
266	2.0
1384	3.0
4032	6.0
2735	4.0
1927	4.0
3718	5.0
28	2.0
2128	3.0
3660	5.0
746	7.0
557	4.0
221	2.0
2278	4.0
96	2.0
316	2.0
3473	5.0
1662	3.0
3459	5.0
1224	3.0
602	4.0
2745	4.0
3892	5.0
2657	4.0
1848	3.0
1009	3.0
2563	4.0
1049	3.0
1853	3.0
2292	3.0
3659	5.0
2181	4.0
1897	3.0
431	4.0
1204	3.0
1266	3.0
2189	3.0
2957	4.0
3470	5.0
2379	4.0
2670	4.0
4005	6.0
1649	3.0
467	4.0
3322	4.0
3566	5.0
3817	5.0
1012	3.0
3385	4.0
691	7.0
3142	4.0
1663	3.0
3580	5.0
2100	4.0
1543	3.0
3169	4.0
2095	4.0
509	4.0
781	7.0
639	4.0
3694	5.0
990	3.0
859	6.0
2183	3.0
3864	5.0
3031	4.0
6	2.0
894	6.0
3572	5.0
3067	4.0
139	2.0
3839	5.0
2225	3.0
3628	5.0
3427	4.0
2115	4.0
1052	3.0
3213	4.0
3545	5.0
645	4.0
2715	4.0
2953	4.0
2337	3.0
520	4.0
900	3.0
2752	4.0
603	4.0
3237	4.0
2310	4.0
111	2.0
1528	3.0
1767	3.0
1125	3.0
1062	3.0
3294	4.0
866	6.0
965	3.0
1926	3.0
1757	3.0
2828	4.0
2553	4.0
2536	4.0
3802	5.0
838	7.0
1035	3.0
1409	3.0
3066	4.0
1032	3.0
1177	3.0
3244	4.0
2017	4.0
2714	4.0
1029	3.0
22	2.0
1810	3.0
1097	3.0
1749	3.0
3610	5.0
3716	5.0
2199	3.0
1162	3.0
3602	5.0
420	3.0
117	2.0
2210	4.0
1975	4.0
1816	3.0
1739	3.0
3789	5.0
3846	5.0
3381	4.0
2250	3.0
3000	4.0
899	3.0
377	4.0
3144	4.0
2219	4.0
1800	3.0
123	2.0
2300	4.0
2855	4.0
1937	4.0
1916	4.0
3364	4.0
3001	4.0
865	5.0
1576	3.0
1359	3.0
3666	5.0
3746	5.0
3079	4.0
3944	5.0
1287	3.0
3258	4.0
3086	4.0
1277	3.0
1820	3.0
3041	4.0
2975	4.0
1112	3.0
2266	4.0
447	4.0
1066	3.0
1255	3.0
3587	5.0
124	2.0
1179	3.0
2010	4.0
131	2.0
1338	3.0
1621	3.0
1955	3.0
2421	4.0
1038	3.0
62	2.0
3903	5.0
2614	4.0
2743	4.0
1803	3.0
3622	5.0
1280	3.0
1792	3.0
2697	4.0
970	3.0
2081	3.0
114	2.0
1985	4.0
31	2.0
129	2.0
3048	4.0
486	4.0
309	2.0
27	2.0
3474	5.0
3658	5.0
3629	5.0
1103	3.0
3419	4.0
2583	3.0
2845	4.0
2386	4.0
2707	4.0
2295	4.0
1712	3.0
3830	4.0
95	2.0
980	3.0
1154	3.0
4027	6.0
164	2.0
3399	4.0
841	7.0
952	3.0
3188	4.0
1146	3.0
756	7.0
654	4.0
3501	4.0
3808	5.0
1196	3.0
3530	5.0
1056	3.0
1903	3.0
1317	3.0
819	6.0
2995	4.0
1823	3.0
2725	4.0
3886	4.0
2944	4.0
1711	3.0
2651	4.0
2573	4.0
2712	4.0
3836	5.0
4024	6.0
3900	5.0
192	2.0
2980	4.0
1076	3.0
3775	5.0
829	7.0
68	2.0
3726	5.0
1375	3.0
867	6.0
2344	4.0
2634	4.0
690	7.0
1337	3.0
2353	4.0
1063	3.0
674	4.0
3873	5.0
3230	4.0
2545	4.0
2753	4.0
412	4.0
3482	5.0
1684	3.0
148	2.0
1741	3.0
611	4.0
330	2.0
3301	4.0
1763	3.0
193	2.0
2770	4.0
2525	4.0
1983	4.0
1514	3.0
3601	5.0
1777	3.0
3123	4.0
3579	5.0
2611	4.0
709	7.0
3957	5.0
3637	5.0
2400	4.0
2092	4.0
2965	4.0
2941	4.0
2688	4.0
3816	5.0
2449	4.0
1895	3.0
295	2.0
344	2.0
3202	4.0
3028	4.0
2998	4.0
2653	3.0
2865	4.0
3783	5.0
809	7.0
1330	3.0
3288	4.0
3266	4.0
3731	5.0
2347	4.0
2272	4.0
1954	4.0
718	7.0
3328	4.0
2245	4.0
2065	4.0
3651	4.0
357	4.0
1235	3.0
1879	3.0
2462	4.0
1400	3.0
3442	5.0
1074	3.0
1316	3.0
503	4.0
1965	4.0
285	2.0
19	2.0
2338	4.0
1972	3.0
2259	4.0
1594	3.0
1039	3.0
439	4.0
3508	5.0
2762	4.0
1868	3.0
3209	4.0
3467	5.0
564	3.0
3895	5.0
801	7.0
2121	4.0
2490	4.0
2447	3.0
2931	4.0
2954	4.0
3351	4.0
3222	4.0
1263	3.0
1294	3.0
3921	5.0
2857	4.0
879	6.0
3162	4.0
364	3.0
3780	5.0
2428	4.0
1858	3.0
1904	3.0
4031	5.0
2156	4.0
3329	4.0
2629	3.0
962	3.0
1148	3.0
1627	3.0
1599	3.0
1811	3.0
2142	4.0
1020	3.0
546	4.0
2597	4.0
2947	4.0
1113	3.0
2031	4.0
802	7.0
1356	3.0
3013	4.0
267	2.0
2224	3.0
2217	4.0
2258	4.0
3847	5.0
3531	5.0
1624	3.0
1759	3.0
680	4.0
1281	3.0
1877	3.0
3461	5.0
3132	4.0
2986	4.0
3231	4.0
40	2.0
3539	5.0
1387	3.0
1838	3.0
1831	3.0
392	4.0
1486	3.0
331	2.0
2466	4.0
3481	5.0
1475	3.0
3867	5.0
830	6.0
67	2.0
3949	5.0
1262	3.0
3420	4.0
2821	4.0
2401	4.0
2572	4.0
618	4.0
2494	3.0
248	2.0
103	2.0
2550	4.0
2846	4.0
994	3.0
2364	3.0
2575	4.0
2325	4.0
1771	3.0
776	6.0
18	2.0
3556	4.0
2195	4.0
3766	5.0
2380	4.0
501	3.0
269	2.0
390	4.0
831	7.0
1254	3.0
3725	5.0
3343	4.0
651	3.0
1953	4.0
2415	4.0
3823	5.0
1054	3.0
2014	4.0
3454	5.0
2795	4.0
2925	4.0
522	4.0
2705	4.0
1780	3.0
1981	4.0
1309	3.0
3968	5.0
1050	3.0
2074	4.0
2650	4.0
3777	5.0
3211	4.0
2120	4.0
300	2.0
2704	3.0
1463	3.0
1537	3.0
3630	5.0
1130	3.0
1037	3.0
634	4.0
1267	3.0
1374	3.0
90	2.0
2699	4.0
1554	3.0
3676	5.0
3345	4.0
3614	5.0
151	2.0
1219	3.0
911	3.0
3487	5.0
1160	3.0
325	2.0
3844	5.0
1526	3.0
633	4.0
2524	4.0
643	4.0
1980	4.0
3698	5.0
3822	5.0
2355	4.0
1064	3.0
2469	4.0
1137	3.0
3296	4.0
3571	5.0
2713	4.0
1290	3.0
1152	3.0
463	4.0
3870	5.0
2747	4.0
699	7.0
2592	4.0
2276	4.0
2897	4.0
2429	4.0
3704	5.0
2023	4.0
3908	5.0
2936	4.0
939	3.0
3271	4.0
2398	3.0
3491	5.0
2506	4.0
2908	4.0
1808	3.0
3429	4.0
1745	3.0
2294	4.0
452	4.0
972	3.0
1425	3.0
3268	4.0
2970	4.0
1367	3.0
2433	4.0
3639	5.0
491	4.0
84	2.0
2894	4.0
3033	4.0
2783	4.0
2496	4.0
1705	3.0
3403	4.0
3307	4.0
2580	4.0
569	4.0
974	3.0
1833	3.0
2221	4.0
860	4.0
3768	5.0
967	3.0
2564	4.0
3261	4.0
3585	5.0
946	3.0
3391	4.0
3713	5.0
2122	4.0
3866	5.0
3815	5.0
1960	4.0
4008	6.0
0	1.0
73	1.0
2741	4.0
2769	4.0
2317	4.0
554	4.0
3304	4.0
3124	4.0
2555	4.0
3019	4.0
1724	3.0
3631	5.0
380	4.0
1391	3.0
1988	4.0
3469	5.0
1839	3.0
555	4.0
3077	4.0
3317	4.0
1875	3.0
3810	5.0
3439	5.0
2365	4.0
91	2.0
1922	4.0
1498	3.0
3730	5.0
963	3.0
953	3.0
3416	4.0
3277	4.0
1714	3.0
3796	5.0
3383	4.0
2687	4.0
3153	4.0
480	4.0
1686	3.0
191	2.0
287	2.0
3582	5.0
1511	3.0
473	4.0
2903	4.0
2230	4.0
754	7.0
1939	3.0
2822	4.0
1761	3.0
3889	5.0
3851	4.0
2420	4.0
540	4.0
3705	5.0
296	2.0
1131	3.0
583	4.0
2719	4.0
2883	4.0
445	4.0
2363	4.0
1855	3.0
904	3.0
3398	4.0
1727	3.0
101	2.0
3712	5.0
1329	3.0
513	4.0
460	4.0
1180	3.0
2005	4.0
3096	4.0
99	2.0
3003	3.0
1171	3.0
3909	5.0
3649	5.0
2516	4.0
1732	3.0
1298	3.0
1830	3.0
2243	4.0
3861	5.0
1706	3.0
3814	5.0
2044	4.0
1900	3.0
26	2.0
1570	3.0
3842	5.0
1611	3.0
2036	4.0
3221	4.0
3116	4.0
128	2.0
1188	3.0
3874	5.0
3845	5.0
3214	4.0
2345	4.0
3409	4.0
3621	5.0
2284	3.0
2732	4.0
346	1.0
743	7.0
2009	3.0
932	3.0
750	7.0
2631	4.0
1966	4.0
142	2.0
3650	5.0
1403	3.0
735	7.0
2608	4.0
1734	3.0
3748	5.0
535	4.0
3426	4.0
172	2.0
3479	5.0
3472	5.0
3894	5.0
3937	5.0
1181	3.0
3852	5.0
3335	4.0
1902	3.0
2378	3.0
1626	3.0
3978	5.0
3881	5.0
3344	4.0
846	7.0
3444	5.0
684	4.0
1058	3.0
225	2.0
1067	3.0
1053	3.0
3507	5.0
1616	3.0
3182	4.0
3088	4.0
126	1.0
2928	4.0
2542	4.0
2130	4.0
3314	4.0
1283	3.0
3604	5.0
2744	4.0
1072	3.0
88	1.0
3574	5.0
1347	3.0
681	4.0
3553	5.0
707	7.0
3049	4.0
2988	4.0
2956	4.0
2527	4.0
1036	3.0
3102	4.0
1473	3.0
1534	3.0
1010	3.0
70	2.0
373	4.0
905	3.0
803	6.0
1460	3.0
2777	4.0
2738	4.0
3500	5.0
1950	4.0
1198	3.0
1151	3.0
741	7.0
3194	4.0
2637	4.0
246	2.0
235	2.0
3083	4.0
1517	3.0
2955	4.0
3054	4.0
755	7.0
53	1.0
2233	4.0
2343	4.0
3760	5.0
301	2.0
1755	3.0
3181	4.0
2733	4.0
1433	3.0
3824	5.0
2816	4.0
1070	3.0
1889	3.0
3490	5.0
3205	4.0
898	3.0
2610	4.0
3232	4.0
1542	3.0
3352	4.0
3249	4.0
3652	5.0
3945	5.0
162	2.0
1986	4.0
3097	4.0
599	4.0
3680	5.0
1707	3.0
1442	3.0
2223	3.0
2443	4.0
426	4.0
3076	4.0
606	3.0
685	4.0
46	2.0
1910	3.0
653	4.0
1206	3.0
328	2.0
3969	5.0
3988	6.0
2331	4.0
925	3.0
3369	4.0
1339	3.0
2324	4.0
664	4.0
3027	4.0
3740	5.0
2089	4.0
1819	3.0
1847	3.0
2471	3.0
2589	3.0
768	7.0
2755	4.0
1608	3.0
2232	4.0
2094	4.0
1128	3.0
672	4.0
2971	4.0
2075	4.0
721	7.0
1318	3.0
2248	4.0
1396	3.0
118	2.0
2760	4.0
548	4.0
3047	4.0
1349	3.0
817	7.0
2812	4.0
897	3.0
3564	5.0
3011	4.0
1141	3.0
4036	6.0
3546	5.0
1189	3.0
3453	5.0
3233	4.0
935	3.0
2066	4.0
2603	4.0
419	4.0
8	2.0
1677	3.0
2667	4.0
2889	4.0
98	2.0
220	2.0
259	2.0
455	4.0
3797	4.0
3640	5.0
2866	4.0
1679	3.0
2132	4.0
671	4.0
1769	3.0
1142	3.0
2024	3.0
1822	3.0
996	3.0
2133	3.0
2727	4.0
173	2.0
3563	5.0
2666	4.0
1555	3.0
3515	5.0
7	2.0
2974	4.0
3594	5.0
42	2.0
469	4.0
1997	4.0
1733	3.0
2872	4.0
261	2.0
2450	4.0
1946	4.0
2544	4.0
3930	5.0
944	3.0
982	3.0
198	2.0
3963	5.0
378	4.0
1873	3.0
1377	3.0
1814	3.0
3687	5.0
3880	5.0
2084	4.0
262	2.0
1699	3.0
2150	4.0
3497	5.0
1519	3.0
3989	5.0
3360	4.0
3220	4.0
1696	3.0
764	7.0
2358	4.0
2037	4.0
1959	4.0
56	2.0
2867	4.0
2676	4.0
2222	4.0
1991	3.0
3039	4.0
279	2.0
1488	3.0
3402	4.0
2212	4.0
3397	4.0
1994	4.0
907	3.0
591	4.0
273	2.0
4025	6.0
3154	4.0
81	2.0
665	4.0
3534	5.0
2008	4.0
404	4.0
3749	5.0
2159	4.0
796	7.0
1657	3.0
1455	3.0
2279	3.0
3242	4.0
417	4.0
1762	3.0
2991	4.0
989	3.0
2805	4.0
2342	4.0
1003	3.0
307	2.0
2061	4.0
670	4.0
3641	5.0
3667	5.0
3012	4.0
1237	3.0
3334	4.0
3239	4.0
1864	3.0
1086	3.0
74	2.0
2288	4.0
4004	6.0
2686	4.0
3964	5.0
4018	6.0
2917	4.0
1668	3.0
2231	4.0
3838	5.0
527	4.0
2016	4.0
3362	4.0
650	4.0
108	2.0
343	2.0
1925	4.0
1888	3.0
226	2.0
3371	4.0
1967	4.0
2582	4.0
789	7.0
3172	4.0
1901	3.0
1583	3.0
1395	3.0
3758	5.0
1687	3.0
1647	3.0
1001	3.0
3110	4.0
2617	3.0
2306	4.0
577	4.0
370	4.0
2161	4.0
3970	5.0
3805	5.0
2446	4.0
2059	4.0
761	7.0
1081	3.0
4016	6.0
2491	3.0
3954	5.0
3021	4.0
2452	4.0
2960	4.0
433	4.0
2197	4.0
3901	5.0
2123	4.0
2056	4.0
4007	6.0
335	2.0
886	6.0
2482	4.0
2844	4.0
2939	4.0
2602	4.0
1234	3.0
2902	4.0
1968	4.0
3063	4.0
1932	3.0
1501	3.0
1452	3.0
324	2.0
2690	4.0
3145	4.0
1047	3.0
318	2.0
170	2.0
2112	4.0
1880	3.0
3526	5.0
2256	4.0
1685	3.0
2853	4.0
926	3.0
1491	3.0
541	4.0
228	2.0
2664	4.0
2460	4.0
1186	3.0
3956	5.0
2911	4.0
2308	4.0
874	6.0
1850	3.0
329	2.0
3125	4.0
1529	3.0
1095	3.0
1209	3.0
3581	5.0
1311	3.0
145	2.0
3795	5.0
2067	4.0
2315	4.0
1340	3.0
888	6.0
290	2.0
3997	6.0
3946	5.0
2246	4.0
1382	3.0
1368	3.0
740	7.0
534	4.0
2797	4.0
782	7.0
2370	4.0
371	4.0
1540	3.0
2438	4.0
1303	3.0
4026	6.0
1354	3.0
3987	6.0
853	7.0
2963	4.0
2387	4.0
3186	4.0
1867	3.0
3536	5.0
3196	4.0
1346	3.0
775	7.0
1977	4.0
1860	3.0
2169	4.0
2691	4.0
2509	4.0
3026	4.0
208	2.0
3299	4.0
315	1.0
2681	4.0
2922	4.0
2367	4.0
1092	3.0
444	4.0
1715	3.0
875	6.0
1974	4.0
2977	4.0
2168	4.0
3374	4.0
1057	3.0
352	4.0
3787	5.0
1619	3.0
2030	4.0
847	7.0
726	7.0
47	2.0
1809	3.0
2754	4.0
568	4.0
507	4.0
918	3.0
2077	4.0
1754	3.0
2628	4.0
3525	4.0
2784	4.0
1978	4.0
1247	3.0
1017	3.0
36	2.0
1678	3.0
2488	4.0
272	2.0
2517	4.0
1275	3.0
2140	4.0
2158	4.0
2336	3.0
2204	4.0
510	4.0
2788	4.0
201	2.0
3786	5.0
3554	5.0
1837	3.0
3111	4.0
2537	4.0
1638	3.0
3436	4.0
2102	3.0
3480	5.0
3833	5.0
1153	3.0
3173	3.0
2033	4.0
1432	3.0
45	2.0
3463	5.0
720	7.0
254	2.0
2104	4.0
1045	3.0
1629	3.0
3306	4.0
576	4.0
2669	4.0
3492	5.0
3887	5.0
3305	4.0
692	7.0
1335	3.0
657	4.0
2160	4.0
1214	3.0
3412	4.0
3543	5.0
2441	4.0
1893	3.0
3342	4.0
1656	3.0
2182	4.0
3060	4.0
656	4.0
1588	3.0
1226	3.0
2107	4.0
2982	4.0
2335	4.0
3703	5.0
1200	3.0
1565	3.0
1272	3.0
2261	4.0
3353	4.0
2585	4.0
619	4.0
2307	4.0
889	6.0
3529	5.0
3996	6.0
2825	4.0
1607	3.0
2297	4.0
2177	4.0
2184	4.0
2880	4.0
3670	5.0
3721	4.0
804	6.0
832	7.0
3528	5.0
2287	4.0
1109	3.0
2839	4.0
3603	5.0
2151	4.0
3401	4.0
2574	4.0
2213	4.0
526	3.0
1229	3.0
3720	5.0
3695	5.0
3247	4.0
3168	4.0
1919	4.0
2824	4.0
474	4.0
163	2.0
2499	4.0
713	6.0
365	4.0
119	1.0
2185	4.0
1861	3.0
1357	3.0
3595	5.0
917	3.0
1480	3.0
2251	4.0
3388	4.0
3462	5.0
440	4.0
1291	3.0
839	7.0
954	3.0
3983	6.0
3898	5.0
190	2.0
2761	4.0
992	3.0
749	7.0
2087	4.0
1671	3.0
3327	4.0
3859	5.0
2552	4.0
432	4.0
916	3.0
3547	5.0
1506	3.0
1568	3.0
1424	3.0
1114	3.0
3923	5.0
2874	4.0
3537	5.0
861	6.0
3069	4.0
3573	5.0
2539	4.0
116	2.0
1961	4.0
2228	4.0
2314	4.0
1805	3.0
2406	4.0
3324	4.0
644	4.0
3260	4.0
1385	3.0
1085	3.0
3130	4.0
2659	4.0
102	2.0
2453	4.0
4017	6.0
1836	3.0
2274	4.0
2561	4.0
297	2.0
3074	4.0
2205	4.0
2289	3.0
3139	4.0
3219	4.0
1804	3.0
1646	3.0
2802	4.0
605	4.0
549	3.0
1596	3.0
1639	3.0
790	7.0
3167	4.0
2432	4.0
983	3.0
3363	4.0
3738	5.0
483	3.0
3250	4.0
597	4.0
180	2.0
1100	3.0
1394	3.0
1892	3.0
1794	3.0
3070	4.0
1319	3.0
3160	4.0
1799	3.0
3776	5.0
1874	3.0
818	7.0
308	2.0
1516	3.0
181	2.0
2202	4.0
2746	4.0
3980	5.0
3825	5.0
1208	3.0
562	4.0
1026	3.0
3425	4.0
3767	5.0
2039	3.0
1364	3.0
2048	4.0
2900	4.0
1301	3.0
268	2.0
3769	5.0
3040	4.0
2392	4.0
137	2.0
3289	4.0
2658	4.0
2726	4.0
2768	4.0
2948	4.0
1143	3.0
3430	4.0
563	3.0
3248	4.0
1713	3.0
2461	3.0
2076	4.0
2930	4.0
1392	3.0
1018	3.0
2673	4.0
3636	5.0
488	4.0
678	4.0
1582	3.0
2594	4.0
245	2.0
2811	4.0
2254	3.0
3688	5.0
3318	4.0
2946	4.0
1236	3.0
310	2.0
3370	4.0
2613	4.0
1445	3.0
3068	4.0
1483	3.0
338	2.0
1825	3.0
3675	5.0
2718	4.0
496	4.0
2455	4.0
3677	4.0
1178	3.0
706	7.0
3697	5.0
1931	4.0
497	4.0
25	2.0
4035	6.0
2698	4.0
200	2.0
2097	4.0
1402	3.0
218	2.0
1560	3.0
1743	3.0
1129	3.0
3518	5.0
1593	3.0
3613	5.0
1123	3.0
2113	4.0
2838	3.0
2302	3.0
1881	3.0
418	4.0
1866	3.0
1789	3.0
253	2.0
3290	3.0
2999	4.0
61	2.0
3832	5.0
1265	3.0
3373	4.0
356	4.0
127	2.0
1042	3.0
1282	3.0
719	6.0
379	4.0
3447	5.0
2534	4.0
3279	4.0
590	4.0
3586	5.0
1934	4.0
2090	4.0
696	7.0
3535	5.0
2888	4.0
2711	4.0
1513	3.0
3871	5.0
998	3.0
1016	3.0
3568	5.0
3119	4.0
2110	4.0
2193	4.0
2296	4.0
16	2.0
2108	4.0
3072	4.0
2480	4.0
2514	4.0
154	2.0
168	2.0
3728	5.0
3961	5.0
2618	4.0
1333	3.0
3584	5.0
3484	5.0
1310	3.0
3807	5.0
1996	4.0
1824	3.0
3591	5.0
1948	4.0
1448	3.0
1073	3.0
1521	3.0
745	6.0
2779	4.0
270	2.0
2125	4.0
3032	4.0
425	4.0
216	2.0
1617	3.0
1704	3.0
3235	4.0
2529	3.0
345	2.0
2006	4.0
3947	5.0
3986	6.0
694	7.0
237	2.0
1390	3.0
2465	4.0
2146	4.0
977	3.0
1669	3.0
2167	4.0
2216	4.0
243	2.0
2409	4.0
1697	3.0
1676	3.0
3004	4.0
3081	4.0
1420	3.0
1327	3.0
3890	5.0
1376	3.0
2532	4.0
589	4.0
78	2.0
1752	3.0
2692	4.0
1890	3.0
3024	4.0
2968	4.0
1370	3.0
1940	4.0
1334	3.0
3109	4.0
531	4.0
3471	5.0
2638	4.0
2119	4.0
571	4.0
388	4.0
2305	4.0
1470	3.0
3804	5.0
3185	4.0
3985	6.0
3962	4.0
524	4.0
532	4.0
2214	4.0
3764	5.0
1553	3.0
2671	4.0
1999	4.0
3166	4.0
3075	4.0
3548	5.0
1004	3.0
508	4.0
196	2.0
2647	3.0
30	2.0
1465	3.0
2804	4.0
4022	6.0
492	4.0
2062	4.0
1598	3.0
1675	3.0
3592	4.0
542	4.0
2633	4.0
1088	3.0
3597	5.0
2535	4.0
1482	3.0
3778	5.0
3576	5.0
1440	3.0
3972	5.0
2567	4.0
834	7.0
1510	3.0
2879	4.0
1059	3.0
2025	4.0
3014	4.0
769	6.0
1508	3.0
2200	4.0
2756	4.0
3175	4.0
1355	3.0
3298	4.0
1962	4.0
1499	3.0
336	2.0
1863	3.0
3583	5.0
3555	5.0
3034	4.0
3512	5.0
1231	3.0
3431	4.0
1929	4.0
51	2.0
3053	4.0
1122	3.0
659	4.0
3618	5.0
372	4.0
3005	4.0
462	4.0
1457	3.0
616	4.0
863	6.0
2890	4.0
1876	3.0
2515	4.0
2817	4.0
1862	3.0
3176	4.0
627	4.0
3082	4.0
2153	3.0
3241	4.0
3793	5.0
3319	4.0
1383	3.0
1379	3.0
545	4.0
3404	4.0
1031	3.0
3953	5.0
4023	6.0
3692	4.0
797	7.0
2656	4.0
3661	5.0
3206	4.0
396	4.0
1788	3.0
1412	3.0
538	3.0
2685	4.0
2057	4.0
2260	4.0
1778	3.0
471	4.0
2861	4.0
2904	4.0
1485	3.0
2220	4.0
3108	4.0
3691	5.0
1273	3.0
3853	5.0
1689	3.0
1259	3.0
2032	3.0
443	4.0
3784	5.0
3662	5.0
217	2.0
1708	3.0
1680	3.0
1532	3.0
153	2.0
3701	5.0
3326	4.0
1834	3.0
1307	3.0
1071	3.0
2042	3.0
3127	4.0
1709	3.0
1079	3.0
317	2.0
348	3.0
2994	4.0
2739	4.0
63	2.0
883	6.0
1586	3.0
86	2.0
381	4.0
1620	3.0
1285	3.0
1454	3.0
3361	4.0
2068	3.0
2924	4.0
2201	4.0
2176	4.0
3452	5.0
2919	4.0
1845	3.0
2332	4.0
54	1.0
3757	5.0
3549	5.0
1326	3.0
2131	4.0
2354	4.0
3561	4.0
1998	3.0
1427	3.0
2896	4.0
1567	3.0
3499	5.0
677	4.0
2937	4.0
697	6.0
3424	4.0
3311	4.0
2468	4.0
1028	3.0
1278	3.0
2139	4.0
617	4.0
2626	4.0
712	7.0
465	4.0
1225	3.0
3475	5.0
2215	4.0
2411	4.0
1631	3.0
3868	5.0
3505	5.0
3648	5.0
3476	5.0
1958	4.0
1918	4.0
1989	4.0
2501	4.0
3128	4.0
816	7.0
2951	4.0
3599	5.0
289	2.0
4037	6.0
3542	5.0
3690	5.0
733	7.0
3310	4.0
833	7.0
3091	4.0
2850	4.0
3521	5.0
29	2.0
2	2.0
1758	3.0
2620	4.0
1363	3.0
1872	3.0
3759	5.0
3872	4.0
3355	4.0
2661	4.0
3423	4.0
1215	3.0
2767	4.0
3270	4.0
873	6.0
1212	3.0
1930	4.0
2906	4.0
1051	3.0
698	5.0
3089	4.0
1536	3.0
368	4.0
3071	4.0
135	2.0
881	6.0
2512	4.0
2595	4.0
1595	3.0
3263	4.0
3995	6.0
1304	3.0
457	4.0
1911	3.0
3148	4.0
2426	4.0
2207	4.0
1415	3.0
1	0.0
752	7.0
826	7.0
2766	4.0
498	4.0
3117	4.0
2382	4.0
2720	4.0
3812	5.0
3332	4.0
2190	4.0
3843	5.0
2565	4.0
533	4.0
1606	3.0
3346	4.0
399	3.0
987	3.0
244	2.0
3683	5.0
490	4.0
2833	4.0
2333	4.0
1688	3.0
229	2.0
806	7.0
3101	4.0
2357	4.0
2007	3.0
2085	4.0
363	3.0
1645	3.0
2776	4.0
209	2.0
3354	4.0
1116	3.0
2543	3.0
3234	4.0
100	2.0
3255	4.0
1898	3.0
947	3.0
133	1.0
3368	4.0
3779	5.0
3917	5.0
505	4.0
407	4.0
3236	4.0
3570	5.0
751	7.0
1666	3.0
3333	4.0
2721	4.0
1108	3.0
3899	5.0
1717	3.0
798	6.0
2835	4.0
4034	6.0
2391	4.0
1080	3.0
2152	4.0
2257	4.0
251	2.0
3729	5.0
1581	3.0
3414	4.0
327	2.0
2646	4.0
2389	4.0
1193	3.0
1644	3.0
778	7.0
2605	4.0
1156	3.0
1628	3.0
1601	3.0
1722	3.0
1250	3.0
2749	4.0
890	6.0
2909	4.0
2942	4.0
1321	3.0
52	2.0
642	4.0
1201	3.0
891	6.0
2869	4.0
635	4.0
1126	3.0
2312	4.0
2383	4.0
2851	4.0
2587	4.0
3625	5.0
1150	3.0
578	4.0
559	4.0
2327	3.0
753	6.0
2099	4.0
1885	3.0
770	7.0
560	4.0
1703	3.0
1563	3.0
85	2.0
2417	3.0
862	4.0
1405	3.0
2639	4.0
3208	4.0
3052	4.0
3347	4.0
2593	4.0
2976	4.0
1292	3.0
2117	3.0
215	2.0
3834	5.0
823	6.0
58	2.0
397	4.0
3100	4.0
1426	3.0
1228	3.0
607	4.0
845	7.0
1136	3.0
3736	5.0
450	4.0
3099	4.0
1490	3.0
1882	3.0
3689	5.0
109	2.0
2472	3.0
464	3.0
3850	5.0
573	4.0
1471	3.0
2684	4.0
2493	4.0
64	2.0
1857	3.0
1957	4.0
3212	4.0
2878	4.0
3722	5.0
3723	5.0
2427	4.0
3907	5.0
3948	4.0
2831	4.0
3696	5.0
3283	4.0
2179	4.0
10	2.0
543	4.0
2458	3.0
2424	4.0
1832	3.0
3646	5.0
1351	3.0
2368	4.0
732	7.0
3633	4.0
3055	4.0
2187	3.0
3920	5.0
1539	3.0
624	4.0
2396	4.0
2949	4.0
3165	4.0
913	3.0
1694	3.0
4009	6.0
975	3.0
1264	3.0
2069	4.0
2174	3.0
1398	3.0
3375	4.0
941	3.0
140	2.0
3756	4.0
3445	5.0
2859	4.0
2881	4.0
2440	4.0
3682	5.0
169	2.0
1736	3.0
3184	4.0
1742	3.0
236	1.0
326	2.0
566	3.0
2832	4.0
762	7.0
1770	3.0
1507	3.0
2504	4.0
2035	4.0
1089	3.0
976	3.0
596	3.0
3668	5.0
2814	3.0
82	2.0
2615	4.0
1984	4.0
3118	4.0
787	7.0
1637	3.0
72	2.0
2096	4.0
1476	3.0
1172	3.0
3466	5.0
1817	3.0
2649	3.0
1324	3.0
3207	4.0
1744	3.0
3126	4.0
1951	3.0
515	4.0
3217	4.0
3918	5.0
1773	3.0
1731	3.0
3888	5.0
2916	4.0
160	2.0
3341	4.0
3821	5.0
2437	4.0
2410	4.0
969	3.0
3389	4.0
3193	4.0
80	2.0
1135	3.0
3240	4.0
1609	3.0
1187	3.0
1564	3.0
3418	4.0
334	2.0
3035	4.0
500	4.0
1369	3.0
1015	3.0
1920	4.0
2271	4.0
188	2.0
263	2.0
1764	3.0
3519	5.0
1806	3.0
722	7.0
1308	3.0
427	3.0
3046	4.0
1600	3.0
2604	4.0
824	7.0
552	4.0
23	2.0
2045	4.0
1787	3.0
961	3.0
2674	4.0
2521	4.0
485	4.0
2794	4.0
1535	3.0
855	7.0
788	7.0
3560	5.0
1545	3.0
1101	3.0
882	6.0
2194	4.0
648	4.0
3879	5.0
2118	4.0
341	2.0
2435	4.0
3632	5.0
3813	5.0
3955	5.0
3192	4.0
44	2.0
1462	3.0
3157	4.0
960	3.0
1451	3.0
1435	3.0
1242	3.0
3017	4.0
3711	5.0
3485	5.0
435	4.0
2858	4.0
3395	4.0
2235	4.0
2660	3.0
2959	4.0
2052	4.0
1248	3.0
453	4.0
3849	5.0
92	1.0
3138	4.0
2577	4.0
2463	3.0
43	2.0
2870	4.0
2124	4.0
523	4.0
3977	5.0
3377	4.0
2929	4.0
3174	4.0
2352	4.0
2034	4.0
2860	4.0
3994	6.0
424	4.0
353	3.0
2842	4.0
3835	5.0
406	4.0
382	4.0
1518	3.0
3620	5.0
1912	3.0
2590	4.0
2240	4.0
1299	3.0
2166	4.0
4001	6.0
2806	4.0
1159	3.0
3714	5.0
938	3.0
175	2.0
1993	4.0
1504	3.0
3195	4.0
1342	3.0
551	4.0
2175	4.0
2063	4.0
3274	4.0
238	2.0
1270	3.0
15	2.0
1348	3.0
2390	4.0
3291	4.0
3896	5.0
134	2.0
2262	4.0
210	2.0
666	4.0
2997	4.0
852	7.0
3045	4.0
280	1.0
880	6.0
389	3.0
738	7.0
2492	4.0
704	7.0
2840	4.0
3737	5.0
3593	5.0
516	4.0
658	4.0
1184	3.0
2969	4.0
3527	5.0
1099	3.0
1753	3.0
2915	4.0
626	4.0
224	2.0
693	7.0
1404	3.0
2285	4.0
1527	3.0
3417	4.0
2807	4.0
1479	3.0
4029	6.0
2473	4.0
580	3.0
2557	4.0
2820	4.0
2774	4.0
1107	3.0
3386	4.0
2950	4.0
3411	4.0
3826	5.0
3520	5.0
2434	4.0
1979	4.0
2526	4.0
3627	5.0
1971	4.0
2785	4.0
2648	4.0
2290	4.0
1043	3.0
2055	4.0
1573	3.0
1827	3.0
2562	4.0
714	7.0
3262	4.0
854	7.0
3478	5.0
3541	5.0
1098	3.0
579	4.0
2899	4.0
2282	4.0
2371	4.0
2206	4.0
3638	5.0
484	3.0
3971	5.0
2927	4.0
1048	3.0
742	7.0
38	2.0
2891	4.0
1434	3.0
669	4.0
2304	4.0
3750	4.0
3062	4.0
2105	4.0
2043	4.0
1852	3.0
3770	5.0
271	2.0
844	7.0
2863	4.0
1623	3.0
1165	3.0
4014	6.0
2554	4.0
2341	4.0
1341	3.0
3792	5.0
3477	5.0
2340	4.0
1883	3.0
3276	4.0
1284	3.0
3906	5.0
3860	5.0
2445	3.0
2082	4.0
723	7.0
561	4.0
995	3.0
2868	4.0
2263	4.0
1636	3.0
1443	3.0
35	2.0
2830	4.0
3647	5.0
481	4.0
2679	4.0
1544	3.0
1397	3.0
2362	4.0
2012	4.0
3147	4.0
1493	3.0
1362	3.0
3090	4.0
182	2.0
1796	3.0
2408	4.0
1558	3.0
1256	3.0
2886	4.0
3562	5.0
354	4.0
649	3.0
1320	3.0
152	2.0
1976	3.0
2381	4.0
3751	5.0
966	3.0
1659	3.0
912	3.0
57	2.0
3928	5.0
1760	3.0
1296	3.0
3464	5.0
3798	5.0
1681	3.0
3741	4.0
2054	3.0
1293	3.0
2841	4.0
1087	3.0
17	2.0
896	3.0
1552	3.0
2418	4.0
2268	3.0
1173	3.0
1941	4.0
2901	4.0
2249	4.0
37	2.0
3935	5.0
2576	4.0
959	3.0
2987	4.0
1725	3.0
1407	3.0
2682	4.0
920	3.0
203	2.0
1835	3.0
2334	4.0
298	2.0
3146	4.0
795	7.0
668	4.0
3226	4.0
2813	4.0
2229	4.0
1614	3.0
3794	5.0
3765	5.0
3245	4.0
478	4.0
472	4.0
3396	4.0
1923	4.0
1115	3.0
434	4.0
981	3.0
230	2.0
2481	4.0
1842	3.0
1005	3.0
4006	6.0
2934	4.0
805	6.0
3742	5.0
3129	4.0
1580	3.0
451	4.0
1572	3.0
3382	4.0
1865	3.0
256	2.0
299	1.0
3506	5.0
189	2.0
2996	4.0
161	2.0
777	7.0
1591	3.0
725	7.0
1826	3.0
3878	5.0
1230	3.0
679	4.0
3438	5.0
2203	3.0
676	4.0
3227	4.0
933	3.0
1891	3.0
2141	4.0
588	4.0
1197	3.0
815	7.0
570	4.0
147	2.0
1217	3.0
3998	6.0
3018	4.0
715	7.0
3456	4.0
499	4.0
1969	4.0
1245	3.0
442	4.0
1667	3.0
1871	3.0
3999	6.0
3611	5.0
3596	5.0
2623	4.0
3606	5.0
919	3.0
3771	5.0
924	3.0
416	4.0
1421	3.0
910	3.0
2792	4.0
2360	4.0
2958	4.0
3735	5.0
1651	3.0
3840	5.0
2299	4.0
1658	3.0
2049	4.0
550	4.0
1468	3.0
2060	4.0
2693	4.0
9	2.0
2399	4.0
2914	4.0
3575	5.0
1023	3.0
197	2.0
202	2.0
948	3.0
120	2.0
3624	5.0
1781	3.0
1312	3.0
144	2.0
3979	5.0
3919	5.0
731	7.0
3540	4.0
2277	4.0
2786	4.0
71	2.0
3042	4.0
2966	4.0
375	4.0
687	7.0
1650	3.0
3043	4.0
1158	3.0
2710	4.0
598	4.0
3902	5.0
2154	4.0
1652	3.0
107	2.0
3050	4.0
1840	3.0
1223	3.0
2621	4.0
3331	4.0
2847	4.0
3514	5.0
2377	4.0
2609	4.0
997	3.0
794	7.0
2559	4.0
544	4.0
1541	3.0
121	2.0
3634	5.0
1622	3.0
1615	3.0
1487	3.0
3926	5.0
1719	3.0
3465	5.0
1505	3.0
1077	3.0
3272	4.0
1132	3.0
2921	4.0
2162	4.0
2964	4.0
3023	4.0
553	4.0
3504	5.0
3387	4.0
2898	4.0
3922	5.0
3007	4.0
807	7.0
2239	4.0
184	2.0
204	2.0
835	7.0
1643	3.0
32	2.0
1524	3.0
3589	5.0
1942	4.0
1982	4.0
506	4.0
1096	3.0
1633	3.0
525	4.0
760	7.0
3848	5.0
2548	4.0
2932	4.0
3699	5.0
2520	4.0
3302	4.0
2722	4.0
2579	4.0
1854	3.0
1166	3.0
3254	4.0
1406	3.0
2495	4.0
1492	3.0
2280	4.0
1603	3.0
1449	3.0
536	4.0
250	2.0
2984	4.0
1691	3.0
3199	4.0
1653	3.0
39	2.0
3884	5.0
3405	4.0
3008	4.0
1786	3.0
76	2.0
3376	4.0
2459	3.0
2510	3.0
1222	3.0
252	2.0
1350	3.0
892	6.0
1418	3.0
793	7.0
872	6.0
1261	3.0
3483	5.0
320	2.0
767	7.0
3432	4.0
4011	5.0
529	4.0
3415	4.0
2505	4.0
1575	3.0
3982	6.0
1439	3.0
339	2.0
1660	3.0
2627	4.0
1336	3.0
2080	4.0
1846	3.0
729	6.0
2236	4.0
2218	4.0
836	7.0
3057	4.0
466	4.0
2442	4.0
212	2.0
2273	4.0
3960	5.0
608	4.0
349	4.0
167	2.0
695	7.0
3557	5.0
2144	4.0
1175	3.0
2047	4.0
759	7.0
3710	5.0
1748	3.0
2632	4.0
2227	4.0
1721	3.0
158	2.0
3379	4.0
2349	4.0
901	3.0
2694	4.0
3967	5.0
2270	4.0
1914	4.0
2848	4.0
2668	4.0
856	6.0
3087	4.0
194	1.0
2000	4.0
3673	5.0
1843	3.0
2313	4.0
277	2.0
3312	4.0
3393	4.0
885	6.0
2665	4.0
2265	4.0
2843	4.0
3655	5.0
2448	4.0
2912	4.0
1091	3.0
2683	4.0
383	4.0
2798	4.0
667	4.0
2730	4.0
921	3.0
2538	3.0
703	6.0
319	2.0
688	7.0
1145	3.0
800	6.0
3709	5.0
2578	4.0
415	4.0
2849	4.0
2568	4.0
2329	4.0
3285	4.0
3136	4.0
2862	4.0
3681	5.0
394	4.0
1772	3.0
2584	4.0
3993	6.0
2645	4.0
1411	3.0
3321	4.0
3238	4.0
3215	4.0
1456	3.0
622	4.0
2155	4.0
1695	3.0
2412	4.0
3855	5.0
878	6.0
1297	3.0
2242	4.0
922	3.0
3394	4.0
1014	3.0
106	2.0
2369	4.0
264	2.0
347	2.0
2321	4.0
1665	3.0
1286	3.0
2237	4.0
587	4.0
2981	4.0
2470	4.0
2523	4.0
2111	3.0
2403	4.0
408	4.0
3056	4.0
2423	4.0
2773	4.0
258	2.0
2973	4.0
1550	3.0
286	2.0
1779	3.0
3991	6.0
2549	4.0
3292	4.0
1818	3.0
3992	6.0
1812	3.0
1899	3.0
785	7.0
1928	4.0
2178	4.0
2884	4.0
772	6.0
1380	3.0
493	4.0
477	4.0
3150	4.0
1828	3.0
2135	3.0
2723	4.0
2701	4.0
1672	3.0
1469	3.0
3253	4.0
1522	3.0
3863	5.0
3106	4.0
1240	3.0
2731	4.0
3605	5.0
1138	3.0
3210	4.0
3140	4.0
2083	4.0
786	7.0
187	2.0
3064	4.0
2943	4.0
1144	3.0
1949	4.0
1632	3.0
530	4.0
2431	4.0
183	2.0
3264	4.0
3837	5.0
1253	3.0
2823	4.0
1913	4.0
1497	3.0
3865	5.0
3163	4.0
3006	4.0
2419	4.0
3155	4.0
2836	4.0
355	4.0
3143	4.0
3451	5.0
3950	5.0
2989	4.0
3458	5.0
311	2.0
3313	4.0
2700	4.0
3251	4.0
512	4.0
3643	5.0
1389	3.0
414	3.0
66	2.0
3532	5.0
3828	5.0
1069	3.0
3065	4.0
3773	5.0
1078	3.0
3841	5.0
1990	4.0
156	2.0
1477	3.0
438	4.0
3745	5.0
3284	4.0
1579	3.0
1963	4.0
942	3.0
850	7.0
3654	5.0
305	2.0
3366	4.0
2164	4.0
1829	3.0
1361	3.0
1419	3.0
2736	4.0
2978	4.0
1041	3.0
3941	5.0
3252	4.0
2654	4.0
870	6.0
724	7.0
11	2.0
1738	3.0
3931	5.0
3225	4.0
211	2.0
1584	3.0
1388	3.0
459	4.0
986	3.0
1446	3.0
2456	4.0
2134	4.0
2641	4.0
494	4.0
1664	3.0
4002	6.0
1315	3.0
3309	4.0
3674	4.0
332	2.0
3616	5.0
3468	5.0
242	2.0
636	4.0
3030	4.0
3663	5.0
3893	5.0
2029	4.0
629	3.0
3875	5.0
3671	5.0
1030	3.0
186	2.0
1905	3.0
3228	4.0
1613	3.0
1127	3.0
3925	5.0
1887	3.0
3942	5.0
1661	3.0
3107	4.0
1118	3.0
3806	5.0
3282	4.0
985	3.0
4012	6.0
1935	4.0
59	2.0
359	4.0
1110	3.0
814	7.0
1884	3.0
1332	3.0
2298	4.0
3876	5.0
3257	4.0
908	3.0
2571	3.0
2405	4.0
458	4.0
2385	4.0
2138	3.0
3533	5.0
1785	3.0
1750	3.0
1033	3.0
1061	3.0
2757	4.0
278	2.0
1630	3.0
821	7.0
1119	3.0
2624	4.0
2326	4.0
615	4.0
1815	3.0
3093	4.0
1413	3.0
1515	3.0
3785	5.0
2935	4.0
628	4.0
1730	3.0
623	4.0
2640	3.0
1438	3.0
456	4.0
586	4.0
2695	4.0
1936	4.0
3801	5.0
736	7.0
366	3.0
1246	3.0
387	4.0
3265	4.0
1202	3.0
3134	4.0
50	2.0
2541	4.0
3098	4.0
1325	3.0
2026	4.0
1751	3.0
1410	3.0
2467	4.0
3158	4.0
1232	3.0
79	2.0
1345	3.0
2101	4.0
3449	5.0
2663	4.0
3891	5.0
3016	4.0
4019	6.0
3191	4.0
1856	3.0
1192	3.0
222	2.0
2078	4.0
1055	3.0
647	4.0
1559	3.0
2793	4.0
360	4.0
239	2.0
1574	3.0
21	2.0
2518	4.0
3408	4.0
2416	4.0
3320	4.0
1474	3.0
3598	5.0
1894	3.0
2635	3.0
3183	4.0
2703	4.0
3496	5.0
592	4.0
3551	5.0
3201	4.0
594	4.0
1295	3.0
470	4.0
813	7.0
2211	4.0
2359	4.0
958	3.0
2172	4.0
585	4.0
487	4.0
3177	4.0
915	3.0
1589	3.0
3544	5.0
744	7.0
3927	5.0
4	2.0
3717	5.0
3275	4.0
717	7.0
3112	4.0
2513	4.0
1313	3.0
437	4.0
2787	4.0
3809	5.0
1106	3.0
2952	4.0
1068	3.0
1496	3.0
851	7.0
3190	4.0
423	4.0
1547	3.0
1013	3.0
1274	3.0
2918	4.0
1022	3.0
822	7.0
3702	5.0
1729	3.0
24	2.0
1466	3.0
2662	4.0
3932	5.0
2291	4.0
2709	4.0
949	3.0
3178	4.0
3200	4.0
2328	4.0
195	2.0
1690	3.0
968	3.0
2528	4.0
640	4.0
1213	3.0
1276	3.0
3733	5.0
2642	4.0
1429	3.0
2071	3.0
572	4.0
4020	6.0
3450	5.0
2397	4.0
3869	5.0
3367	4.0
3559	5.0
2395	4.0
3877	4.0
2186	4.0
1520	3.0
401	4.0
1702	3.0
3121	4.0
265	2.0
902	3.0
2612	4.0
3246	4.0
1381	3.0
2885	3.0
2004	3.0
3790	5.0
2677	4.0
3224	4.0
1134	3.0
1765	3.0
3413	4.0
857	5.0
395	4.0
3358	4.0
2041	4.0
3433	4.0
3243	4.0
1195	3.0
1801	3.0
2808	4.0
3684	4.0
1700	3.0
275	2.0
362	4.0
1987	4.0
1279	3.0
1322	3.0
1956	4.0
369	4.0
374	4.0
3443	5.0
2192	4.0
3743	5.0
2531	4.0
113	2.0
2791	4.0
2992	4.0
1007	3.0
686	6.0
2588	4.0
936	3.0
581	4.0
2366	4.0
1220	3.0
2819	4.0
3339	4.0
1642	3.0
2876	4.0
978	3.0
1821	3.0
3135	4.0
539	4.0
276	2.0
174	2.0
333	2.0
843	7.0
3059	4.0
1612	3.0
3229	4.0
928	3.0
2283	3.0
149	2.0
827	7.0
3164	4.0
950	3.0
2893	4.0
993	3.0
3114	4.0
1592	3.0
2478	4.0
3772	5.0
702	7.0
2728	4.0
2040	4.0
518	4.0
3198	4.0
730	7.0
1995	3.0
1227	3.0
2311	4.0
1896	3.0
1747	3.0
1428	3.0
3959	5.0
4021	6.0
3800	5.0
3578	5.0
2854	4.0
94	2.0
3384	4.0
1756	3.0
3051	4.0
2484	4.0
3044	4.0
1673	3.0
2088	4.0
1512	3.0
3567	5.0
231	2.0
2209	4.0
1484	3.0
3281	4.0
138	2.0
1199	3.0
2940	4.0
2801	4.0
940	3.0
3973	5.0
2765	4.0
3330	4.0
1551	3.0
3440	4.0
2871	4.0
3744	5.0
1674	3.0
3084	4.0
675	4.0
429	4.0
3085	4.0
2778	4.0
3029	4.0
1716	3.0
1133	3.0
3550	4.0
1813	3.0
1597	3.0
2877	4.0
1271	3.0
2751	4.0
1147	3.0
1618	3.0
931	3.0
1921	4.0
2979	4.0
2815	4.0
3457	5.0
1878	3.0
504	4.0
1578	3.0
825	6.0
104	2.0
1556	3.0
4015	6.0
2163	4.0
3619	5.0
3513	5.0
575	4.0
3781	5.0
3827	5.0
2887	4.0
1970	4.0
871	6.0
929	3.0
2430	4.0
314	2.0
2020	4.0
1174	3.0
2498	3.0
3037	4.0
1399	3.0
3156	4.0
3058	4.0
3934	5.0
132	2.0
3303	4.0
2926	4.0
2388	4.0
3799	5.0
3378	4.0
155	2.0
2474	4.0
3137	4.0
3115	4.0
1117	3.0
3664	5.0
291	2.0
517	3.0
2829	4.0
2106	4.0
1314	3.0
567	4.0
321	2.0
1352	3.0
3645	5.0
2226	4.0
436	4.0
2091	4.0
2098	4.0
2581	4.0
1082	3.0
4000	6.0
930	3.0
1945	3.0
601	3.0
1561	3.0
249	2.0
1000	3.0
342	2.0
2051	4.0
4028	6.0
93	2.0
2598	3.0
771	7.0
2464	4.0
3600	5.0
428	3.0
1859	3.0
1111	3.0
1723	3.0
2402	4.0
2764	4.0
2247	3.0
1157	3.0
3523	5.0
2967	4.0
3626	5.0
716	7.0
1305	3.0
2487	4.0
3933	5.0
1682	3.0
1634	3.0
705	7.0
3762	5.0
842	7.0
1090	3.0
293	2.0
223	2.0
361	4.0
2486	4.0
2834	4.0
3308	4.0
2856	4.0
2616	4.0
780	7.0
232	2.0
3293	4.0
1371	3.0
2252	4.0
2507	4.0
3897	5.0
112	2.0
979	3.0
2758	4.0
205	2.0
2913	4.0
1360	3.0
600	4.0
3171	4.0
2301	4.0
884	6.0
2208	4.0
1218	3.0
1323	3.0
1807	3.0
971	3.0
2451	3.0
1243	3.0
1268	3.0
105	2.0
2116	3.0
3511	5.0
1006	3.0
2551	4.0
661	4.0
3656	5.0
2961	4.0
1233	3.0
3300	4.0
2127	3.0
1569	3.0
1185	3.0
3025	4.0
1194	3.0
3522	5.0
2234	4.0
2145	4.0
1546	3.0
214	2.0
3820	5.0
1943	4.0
386	4.0
159	2.0
3905	5.0
1167	3.0
1776	3.0
1692	3.0
3406	4.0
799	7.0
141	2.0
2318	4.0
964	3.0
2188	4.0
1746	3.0
1915	4.0
2015	4.0
2136	4.0
710	7.0
1203	3.0
2780	4.0
14	2.0
60	2.0
595	4.0
87	2.0
1793	3.0
2479	4.0
1906	3.0
3223	4.0
864	6.0
1737	3.0
1251	3.0
1164	3.0
3763	5.0
2477	4.0
166	2.0
3348	4.0
903	3.0
410	4.0
2702	4.0
3422	4.0
1798	3.0
1437	3.0
1710	3.0
2374	4.0
409	4.0
1775	3.0
3	2.0
2346	4.0
3734	5.0
1378	3.0
3486	5.0
2737	4.0
2500	4.0
3349	4.0
3092	4.0
2570	4.0
558	4.0
3707	5.0
519	4.0
1306	3.0
511	4.0
400	4.0
2180	3.0
4010	6.0
3524	5.0
2759	4.0
2560	4.0
2384	3.0
3862	5.0
3590	5.0
828	6.0
3434	4.0
3295	4.0
2425	4.0
2606	4.0
3708	5.0
2599	4.0
609	4.0
2546	4.0
2173	4.0
3218	4.0
808	7.0
77	2.0
2019	4.0
65	2.0
2907	4.0
3503	5.0
988	3.0
1331	3.0
304	2.0
3577	4.0
1302	3.0
306	2.0
1025	3.0
2339	4.0
2729	4.0
2689	4.0
292	2.0
2533	3.0
2708	4.0
1060	3.0
1441	3.0
3791	5.0
3120	4.0
2137	4.0
689	7.0
1040	3.0
2742	4.0
3267	4.0
1602	3.0
1964	4.0
1907	3.0
3286	4.0
3569	5.0
637	3.0
3493	5.0
2093	4.0
122	2.0
1502	3.0
1046	3.0
3494	5.0
2147	4.0
2018	3.0
3913	5.0
3612	5.0
2001	3.0
3940	5.0
1269	3.0
1625	3.0
479	4.0
3256	4.0
2165	4.0
1343	3.0
3607	5.0
1766	3.0
2126	4.0
1258	3.0
3015	4.0
2293	4.0
2503	4.0
3073	4.0
1241	3.0
2945	4.0
943	3.0
957	3.0
3904	5.0
1774	3.0
1841	3.0
3080	4.0
240	2.0
1530	3.0
2540	4.0
146	2.0
641	3.0
2826	4.0
448	4.0
1105	3.0
2027	3.0
422	4.0
3818	5.0
2748	4.0
1083	3.0
115	2.0
3608	5.0
441	3.0
1353	3.0
3883	5.0
1104	3.0
3036	4.0
614	4.0
1870	3.0
3912	5.0
3338	4.0
779	7.0
1525	3.0
177	2.0
283	2.0
3715	5.0
1494	3.0
2255	4.0
1720	3.0
1124	3.0
1973	3.0
3002	4.0
1701	3.0
2607	4.0
1021	3.0
1459	3.0
3340	4.0
